 -- Matrix A -- 
 +10   -10    +0    +1    +7    -9    -1    +2   -10    +5    -3    -6    +9    -6   +10    -2  
  +1    -2    -8    +3    +8    -8    -2    -8    +3    +1    +7    -4    -7    +1    +9    +1  
 +10   -10    -7    +8    +2    +4    +2    +5    +1    -7    -4    -5    -2    -6    +0    +3  
  +5   +10    +1    -3    -9    +0    -1    +6    +3    -2    -4    -4    +5    +0    +3    -8  
  +4    -1    +1    +3    +2    +2    -5    -2    -1    +6    +9    -8    -3    +9    -7    -9  
  -6    +9    +3    -6    -5    +7    -2    +9    -5   +10    +9    -3    +8    -3    -1    -7  
 +10    +6    -2    +0    +5    +0    -2    -7    +9    -9   +10   -10    +8   +10    +8   +10  
 -10    +8    +3    -7    +8    +7    +8    +9    +5    -8    +6    +1    -7    -9    +2    -8  
  -5    -7    -2    +9    +0    +0   +10    -1   -10    +5    -9    +9    -6    +1    -5    -2  
  -1    -9    +3    -1    +2    +9    +3    +6    -8    +7    -9    -1    -9    +2    -8    +8  
  +6    +2    +6    +7    -9    +4    -9    +5    +3    -9    +1    +3    +8   +10    -6    +2  
  -6    -7    -7    -2    +1    -7    +5   +10    -4    +7    +7    +2    -3    +9    -8   -10  
  +8    +5    -3    +8    -8    -3    +4   +10    -2    +6    +8    +9    -2    +0    -6    +8  
 +10    -2    +0    -2    +2    +8    +7   -10    +6    +4    +3    +5    -5    +5    -2    -2  
  -7    +1    +4    -4    -3    -3    -3   -10    -3    -3   +10    +7    -8   +10   -10    -7  
  +2    +9    -5    +2    +6    -7    -9    +1    +9    -1    -7    -3    -1    +5    +7    -3  

 -- Matrix B -- 
  +8    +2    -5    -5    +5    +0    -4    -7    +8    +8    -4   +10    -9    +2    -1    +8  
  -7    -5   -10   -10    +4    -4    +8    -4   -10    +8    +4    +8    +2    +4    +5    -3  
  +7    +3    -6    +9    +4    +7    +1    +5    +8    -8    -5   -10    -6   -10    +7    -7  
  +2    +7    -6    -6    -9    +9    -3    +5    +0    +5    -2    -8    -3    -8    -2    -4  
  +2   -10    -7    +7   -10    -8    -8    +9    +2    +1    +8    -9    +9    +1    -8    +5  
  -8   -10    -4    -8    -9    +7    -8    +9    -8    +8    +2    -5    -6    -5    +1    +9  
  -6    +9    -5    -9    -6    +6    -9    -9    -1    -4    -5    -6    -2    -7    +6    +3  
  +4    -1    -3    +4    +6    +4    -6    -6    +3    +5    +5    -2   +10    -8   +10    -4  
  +8    -1    +3    +9    -8    +3   -10    +1    +0    -5    +5    +6   -10    -9    +7    +0  
  +3    -9    -6    -4    -9    +9    +8   -10    +9    -8    +4    -9    -5    +1    +1    -9  
 -10    -7    -8    +8    +9    -6    +9    -6    +9    -6    -1    -3    -5    -6    -2    +3  
  +2    +8    +2    +4    -7    +0    +0   -10    +0    +6    +0    -2    -1    -4    -9    +1  
  -3    +7    -3    -3    +2    +9    +5    -9    -2    +6    -2    -4    -2    +9    -6    -4  
  +2    +9    -1    +8    +9    -7    +0    +3    +7    +3    +9    -1    +5    -7    -1    +2  
  -2    +8    -3    -3    -3    -7   -10    +2    +0    -4   -10   +10    -5    +3    -3    -2  
  +7    +7    -9    +7   -10   +10    -1    +5    +0   +10    -4    +5    +8    -8    -7    +6  

 -- Matrix C -- 
+132   +99   -51   -95   +34    -2   -50  -117  +231   -78  -220   -28    +8  +321  -182   -91  
  -7   -55   -22  +103   -90  -332   -56  +122  +115  -171   -19  +164   -14   +73  -186   +78  
+129   +61   +41  -113  -162  +125  -362  +141   -28  +192  -103   +86    -4   -58   -25  +219  
 -44   +31   +30  -221  +295   -11   +36  -185  -115   +61   -13  +245  -126  +143  +264  -129  
 -56  -285   -50   +62  +250  -136  +196   +49  +241  -139  +207  -179  -100   -33   +74    -8  
-303  -337  -160  -153  +239   +95  +333  -274   -17   -80   +87  -181   -45  +103  +200  -220  
  -7  +125  -269  +156  +137  -186   -96  +164   +58  +175   -38  +362   -98   -25  -144  +256  
-280  -324   -44   +19   -22  -192  -225   +66  -224  -146   +86   -84   +67  -140  +273   +43  
  +8  +186   +86  -190  -285  +174   -68   -45   -16    +5   -13  -349  +123   -99   -76   -46  
+160   -97   -19   +14  -232  +271  -131  +186   +67   +79   +85  -285  +217  -218   +48   +91  
+129  +240   -24  +139  +286  +149   +73   +34   +32  +326   +50   +63   -57  -188   +33   +15  
 -88   -83  +128  +142  +232  -151  +144  -282  +244  -208  +262  -293  +208   -74   +91  -107  
 +62  +132  -238   -55   +24  +242  +155  -400  +154  +230   -15    +9    +9  -259   +34   -10  
  +3   -54   -55   -42  -165   -18  -137   -41  +111   -35   +29   -14  -303  -137   -42  +237  
-151   -71  +153  +253  +302  -305  +350   +22  +106  -192  +152  -138    -2   -85   -39   +12  
+159   -16   +33   +44   +18  -263   -97  +115   -69   +67  +170  +303   +69  +143    +9   -81  
